[array([[ 0.38001454, -0.12518068, -0.60575366],
       [ 1.1286397 ,  0.77441347, -0.24946934],
       [-0.3657592 , -0.43073633,  0.12212432],
       [ 0.10864732,  0.4490554 , -0.24930577],
       [-0.27232662,  0.20741941,  0.7047888 ],
       [ 0.36831862, -0.25138912, -0.89533746],
       [ 0.27688333,  0.12808096, -0.3986453 ],
       [ 0.0657485 ,  1.172397  , -0.49063933]], dtype=float32), array([ 0.38096386,  0.32786837, -0.33324558], dtype=float32), array([[-0.85773826,  1.1585809 ],
       [-1.7594414 , -0.27292567],
       [ 1.2282224 ,  0.7099379 ]], dtype=float32), array([ 0.42388713, -0.11927897], dtype=float32), array([[-2.4726155 ],
       [ 0.81422347]], dtype=float32), array([-0.48662367], dtype=float32)]