[array([[ 0.1853011 , -0.16705617],
       [ 0.8872879 , -0.50075805],
       [-0.0090089 ,  0.4752642 ],
       [-0.2567702 , -0.48094907],
       [ 0.16681965,  0.48544857],
       [ 0.49007928, -0.2862622 ],
       [ 0.2708094 , -0.20381635],
       [-0.32194844, -1.3257006 ]], dtype=float32), array([ 1.0272596 , -0.03123579], dtype=float32), array([[ 1.0328922 , -0.18846364, -0.17366289],
       [ 1.4819751 ,  0.7369537 ,  0.890846  ]], dtype=float32), array([0.52319324, 0.45933142, 0.41602865], dtype=float32), array([[ 0.8150945 ,  0.68114865],
       [ 0.9946064 , -1.0924143 ],
       [ 0.8586195 , -0.18578967]], dtype=float32), array([0.22666015, 0.21374428], dtype=float32), array([[-0.6309206],
       [ 1.5048292]], dtype=float32), array([-0.25969297], dtype=float32)]